MAE=1.7366117675864003
RMSE=2.595798124106684
rows_train=16787386
rows_test=4196847
train_until=2024-07-15 06:00:00
test_from=2024-07-15 06:00:00
n_features=30
